Matriz : [[  0.          37.01351105  67.41661516 307.77426793 325.18610056
  294.1088234  322.69180343 443.60455363 393.59369914 426.74699765
  448.62567916 467.89849327 383.95963329  66.61080993  37.
    1.        ]
 [ 37.01351105   0.          58.00862005 271.62658191 290.33084576
  259.78837541 287.7846417  419.97738034 366.45600009 397.77506206
  420.51991629 439.00455579 347.54136444  55.03635162   1.
   37.05401463]
 [ 67.41661516  58.00862005   0.         267.0168534  277.61304004
  245.1224184  275.36339626 377.59502115 330.26201719 365.29987681
  386.07771238 406.19207279 344.0058139    4.24264069  57.00877125
   66.57326791]
 [307.77426793 271.62658191 267.0168534    0.          41.77319715
   48.87739764  39.45883931 270.         196.002551   198.17668884
  225.32199183 232.1421978   77.00649323 264.         271.42586465
  307.60039012]
 [325.18610056 290.33084576 277.61304004  41.77319715   0.
   33.01514804   2.82842712 229.13969538 155.157984   156.43848631
  183.60010893 190.9057359   79.75587753 275.07271766 290.00172413
  324.89536777]
 [294.1088234  259.78837541 245.1224184   48.87739764  33.01514804
    0.          31.144823   229.36651892 156.17938404 166.43617395
  193.42440384 204.28656343 109.93179704 242.66231681 259.41665328
  293.78393421]
 [322.69180343 287.7846417  275.36339626  39.45883931   2.82842712
   31.144823     0.         231.07790894 157.07959766 158.86157496
  186.03494295 193.49677     80.5294977  272.80212609 287.45956237
  322.40502477]
 [443.60455363 419.97738034 377.59502115 270.         229.13969538
  229.36651892 231.07790894   0.          74.00675645  89.18520057
   73.55270219  92.35799911 279.80350248 377.61885546 419.20400761
  442.87470011]
 [393.59369914 366.45600009 330.26201719 196.002551   155.157984
  156.17938404 157.07959766  74.00675645   0.          44.10215414
   56.8594759   79.40403012 209.28688444 329.60734215 365.77178677
  392.95928542]
 [426.74699765 397.77506206 365.29987681 198.17668884 156.43848631
  166.43617395 158.86157496  89.18520057  44.10215414   0.
   27.20294102  41.23105626 194.64840097 364.32128678 397.15236371
  426.16898057]
 [448.62567916 420.51991629 386.07771238 225.32199183 183.60010893
  193.42440384 186.03494295  73.55270219  56.8594759   27.20294102
    0.          24.         219.31712199 385.29209699 419.8690272
  448.01785679]
 [467.89849327 439.00455579 406.19207279 232.1421978  190.9057359
  204.28656343 193.49677     92.35799911  79.40403012  41.23105626
   24.           0.         218.         405.26781269 438.38111273
  467.31573909]
 [383.95963329 347.54136444 344.0058139   77.00649323  79.75587753
  109.93179704  80.5294977  279.80350248 209.28688444 194.64840097
  219.31712199 218.           0.         341.00146627 347.38163452
  383.81766504]
 [ 66.61080993  55.03635162   4.24264069 264.         275.07271766
  242.66231681 272.80212609 377.61885546 329.60734215 364.32128678
  385.29209699 405.26781269 341.00146627   0.          54.03702434
   65.80273551]
 [ 37.           1.          57.00877125 271.42586465 290.00172413
  259.41665328 287.45956237 419.20400761 365.77178677 397.15236371
  419.8690272  438.38111273 347.38163452  54.03702434   0.
   37.01351105]
 [  1.          37.05401463  66.57326791 307.60039012 324.89536777
  293.78393421 322.40502477 442.87470011 392.95928542 426.16898057
  448.01785679 467.31573909 383.81766504  65.80273551  37.01351105
    0.        ]]