Matriz : [[  0.         111.46299834 344.70277051 359.21302872 344.70277051
  455.38555093]
 [111.46299834   0.         310.02580538 309.99677418 310.02580538
  371.12801026]
 [344.70277051 310.02580538   0.          47.09564736   0.
  214.03737991]
 [359.21302872 309.99677418  47.09564736   0.          47.09564736
  167.00299399]
 [344.70277051 310.02580538   0.          47.09564736   0.
  214.03737991]
 [455.38555093 371.12801026 214.03737991 167.00299399 214.03737991
    0.        ]]