Matriz : [[  0.          92.13576938 289.45638704 300.04166377 280.44607325
  300.04166377 348.40206658 386.79322641 430.84684054 386.79322641
  439.47696185]
 [ 92.13576938   0.         272.11762163 271.44796923 249.68980756
  271.44796923 297.41049074 324.49961479 373.96523903 324.49961479
  368.70177651]
 [289.45638704 272.11762163   0.          36.05551275  44.10215414
   36.05551275 126.00396819 188.010638   200.14494748 188.010638
  258.00193798]
 [300.04166377 271.44796923  36.05551275   0.          22.02271555
    0.          90.04998612 152.         166.355042   152.
  222.00225224]
 [280.44607325 249.68980756  44.10215414  22.02271555   0.
   22.02271555  92.44457799 152.59423318 173.96838793 152.59423318
  222.19360927]
 [300.04166377 271.44796923  36.05551275   0.          22.02271555
    0.          90.04998612 152.         166.355042   152.
  222.00225224]
 [348.40206658 297.41049074 126.00396819  90.04998612  92.44457799
   90.04998612   0.          62.07253821  84.81155582  62.07253821
  132.01515065]
 [386.79322641 324.49961479 188.010638   152.         152.59423318
  152.          62.07253821   0.          55.22680509   0.
   70.00714249]
 [430.84684054 373.96523903 200.14494748 166.355042   173.96838793
  166.355042    84.81155582  55.22680509   0.          55.22680509
   84.50443775]
 [386.79322641 324.49961479 188.010638   152.         152.59423318
  152.          62.07253821   0.          55.22680509   0.
   70.00714249]
 [439.47696185 368.70177651 258.00193798 222.00225224 222.19360927
  222.00225224 132.01515065  70.00714249  84.50443775  70.00714249
    0.        ]]