Matriz : [[  0.          96.25487001 284.07393404 299.64145241 276.3494165
  299.18890354 349.20624278 390.63281992 433.20203139 388.48552097
  449.65764755]
 [ 96.25487001   0.         274.00182481 276.9043156  250.37971164
  276.76163029 304.90982273 332.36275363 381.24139335 330.39673122
  381.1364585 ]
 [284.07393404 274.00182481   0.          39.          48.25971405
   38.         122.10241603 190.01052602 202.07424378 188.02393465
  267.0168534 ]
 [299.64145241 276.9043156   39.           0.          27.01851217
    1.          83.15046602 151.01324445 164.75739741 149.03019828
  228.01973599]
 [276.3494165  250.37971164  48.25971405  27.01851217   0.
   27.07397274  88.02272434 152.06906326 174.42763543 149.93331851
  228.26519665]
 [299.18890354 276.76163029  38.           1.          27.07397274
    0.          84.14867795 152.01315733 165.70455636 150.029997
  229.01964981]
 [349.20624278 304.90982273 122.10241603  83.15046602  88.02272434
   84.14867795   0.          68.35934464  87.36704184  66.48308055
  145.22052197]
 [390.63281992 332.36275363 190.01052602 151.01324445 152.06906326
  152.01315733  68.35934464   0.          55.22680509   2.23606798
   77.00649323]
 [433.20203139 381.24139335 202.07424378 164.75739741 174.42763543
  165.70455636  87.36704184  55.22680509   0.          56.43580424
   91.21403401]
 [388.48552097 330.39673122 188.02393465 149.03019828 149.93331851
  150.029997    66.48308055   2.23606798  56.43580424   0.
   79.        ]
 [449.65764755 381.1364585  267.0168534  228.01973599 228.26519665
  229.01964981 145.22052197  77.00649323  91.21403401  79.
    0.        ]]